spawns: 
  newbies: 
    world: Earth
    x: -125.38699364580361
    y: 14.0
    z: -596.0137490089285
    yaw: 179.10004
    pitch: 12.6
